0 0.59375 0.7296875 0.12916666666666665 0.27187500000000003
0 0.9 0.7328125000000001 0.14166666666666666 0.253125
0 0.7333333333333333 0.675 0.075 0.125
0 0.43124999999999997 0.7609375 0.12916666666666665 0.31562500000000004
0 0.15625 0.76875 0.14583333333333334 0.31875000000000003
0 0.041666666666666664 0.7703125000000001 0.075 0.30312500000000003
0 0.3229166666666667 0.7468750000000001 0.10416666666666667 0.3375
0 0.24583333333333332 0.6640625 0.05 0.109375
0 0.20625 0.640625 0.05416666666666667 0.05625
0 0.6770833333333334 0.6531250000000001 0.04583333333333333 0.08750000000000001
