1 0.755 0.5973333333333333 0.062 0.03733333333333333
1 0.706 0.564 0.052000000000000005 0.034666666666666665
1 0.674 0.5893333333333333 0.056 0.048
1 0.599 0.5626666666666666 0.042 0.042666666666666665
1 0.5720000000000001 0.5893333333333333 0.048 0.042666666666666665
1 0.526 0.588 0.02 0.029333333333333333
1 0.495 0.592 0.046 0.042666666666666665
1 0.439 0.5893333333333333 0.042 0.048
1 0.384 0.588 0.036000000000000004 0.04
1 0.331 0.5906666666666667 0.034 0.029333333333333333
1 0.28500000000000003 0.5866666666666667 0.034 0.03733333333333333
1 0.251 0.5866666666666667 0.03 0.03733333333333333
1 0.215 0.58 0.026000000000000002 0.04
1 0.186 0.588 0.028 0.024
0 0.753 0.564 0.038 0.06666666666666667
0 0.6980000000000001 0.5373333333333333 0.036000000000000004 0.06133333333333333
0 0.67 0.5626666666666666 0.032 0.064
0 0.596 0.536 0.028 0.058666666666666666
0 0.5650000000000001 0.5586666666666666 0.034 0.056
0 0.511 0.5493333333333333 0.022 0.03733333333333333
0 0.492 0.5666666666666667 0.032 0.06133333333333333
0 0.435 0.5613333333333334 0.03 0.056
0 0.38 0.564 0.028 0.04533333333333333
0 0.329 0.568 0.022 0.03733333333333333
0 0.28300000000000003 0.5599999999999999 0.026000000000000002 0.042666666666666665
0 0.248 0.5666666666666667 0.02 0.034666666666666665
0 0.215 0.5653333333333334 0.018000000000000002 0.03733333333333333
0 0.184 0.5573333333333333 0.02 0.03733333333333333
