2 0.3352941176470588 0.5514705882352942 0.1764705882352941 0.10294117647058823
2 0.4929411764705882 0.5779411764705882 0.10588235294117646 0.061764705882352944
3 0.4705882352941176 0.5426470588235294 0.15999999999999998 0.11470588235294117
3 0.6964705882352941 0.5411764705882353 0.14588235294117646 0.18823529411764706
4 0.5729411764705882 0.5647058823529412 0.08705882352941176 0.1411764705882353
4 0.7152941176470587 0.586764705882353 0.042352941176470586 0.09117647058823529
4 0.8494117647058823 0.6058823529411764 0.03294117647058823 0.07647058823529412
0 0.5741176470588235 0.47941176470588237 0.08470588235294117 0.19411764705882353
0 0.7211764705882352 0.5352941176470588 0.04941176470588235 0.13529411764705881
0 0.8494117647058823 0.5602941176470588 0.047058823529411764 0.1264705882352941
