1 0.033 0.528 0.062 0.33599999999999997
1 0.114 0.5559999999999999 0.116 0.21066666666666667
1 0.29 0.5893333333333333 0.136 0.21333333333333332
1 0.44 0.6226666666666666 0.332 0.37066666666666664
1 0.686 0.6706666666666666 0.36 0.344
0 0.676 0.5 0.256 0.4666666666666667
0 0.429 0.44266666666666665 0.278 0.5333333333333333
0 0.113 0.44666666666666666 0.114 0.248
0 0.031 0.324 0.054 0.21066666666666667
0 0.28400000000000003 0.52 0.1 0.3413333333333333
2 0.6990000000000001 0.13866666666666666 0.058 0.032
2 0.74 0.13333333333333333 0.048 0.03733333333333333
2 0.779 0.11866666666666666 0.042 0.029333333333333333
