4 0.714 0.6466666666666666 0.188 0.25866666666666666
4 0.467 0.6653333333333333 0.23 0.3973333333333333
4 0.278 0.5453333333333333 0.084 0.16266666666666665
4 0.20600000000000002 0.492 0.064 0.11466666666666667
0 0.712 0.5213333333333333 0.132 0.21066666666666667
0 0.451 0.564 0.126 0.36533333333333334
0 0.28200000000000003 0.48666666666666664 0.064 0.16799999999999998
0 0.214 0.45999999999999996 0.044 0.11466666666666667
2 0.061 0.5093333333333333 0.11800000000000001 0.14933333333333332
2 0.105 0.4493333333333333 0.05 0.050666666666666665
2 0.754 0.5373333333333333 0.232 0.14666666666666667
2 0.044 0.7613333333333333 0.084 0.424
4 0.16 0.4613333333333333 0.024 0.058666666666666666
4 0.35000000000000003 0.5026666666666666 0.044 0.10933333333333332
