2 0.875 0.6596385542168675 0.162 0.14457831325301207
2 0.633 0.6355421686746988 0.074 0.0963855421686747
2 0.577 0.6521084337349398 0.042 0.057228915662650606
2 0.47500000000000003 0.6521084337349398 0.042 0.05120481927710844
2 0.255 0.677710843373494 0.078 0.0783132530120482
2 0.324 0.6506024096385542 0.036000000000000004 0.04819277108433735
2 0.07 0.6551204819277109 0.052000000000000005 0.05120481927710844
2 0.129 0.658132530120482 0.038 0.0391566265060241
2 0.179 0.6430722891566265 0.054 0.06325301204819278
4 0.392 0.7454819277108434 0.116 0.25
0 0.399 0.6686746987951807 0.10200000000000001 0.27108433734939763
2 0.512 0.6460843373493976 0.032 0.045180722891566265
2 0.538 0.641566265060241 0.024 0.03614457831325302
