2 0.592 0.891711229946524 0.096 0.07754010695187165
2 0.769 0.856951871657754 0.054 0.05080213903743315
2 0.887 0.8663101604278074 0.082 0.058823529411764705
2 0.9550000000000001 0.8649732620320855 0.074 0.05614973262032085
2 0.859 0.8262032085561497 0.042 0.053475935828877004
2 0.665 0.8649732620320855 0.058 0.07219251336898395
2 0.594 0.8288770053475936 0.036000000000000004 0.0427807486631016
2 0.46900000000000003 0.8890374331550802 0.07 0.06684491978609625
2 0.377 0.8489304812834224 0.054 0.06149732620320855
2 0.23700000000000002 0.8516042780748663 0.082 0.04545454545454545
2 0.197 0.8114973262032085 0.05 0.04545454545454545
0 0.337 0.9077540106951871 0.07 0.18449197860962566
0 0.2 0.927807486631016 0.052000000000000005 0.1443850267379679
0 0.252 0.9291443850267379 0.052000000000000005 0.14171122994652405
0 0.28500000000000003 0.9224598930481283 0.054 0.1550802139037433
