2 0.065 0.448 0.09 0.064
2 0.35000000000000003 0.4453333333333333 0.04 0.05333333333333333
2 0.381 0.43866666666666665 0.042 0.04533333333333333
2 0.41500000000000004 0.448 0.034 0.048
2 0.466 0.45466666666666666 0.06 0.056
2 0.528 0.4573333333333333 0.052000000000000005 0.056
2 0.5680000000000001 0.45999999999999996 0.044 0.06133333333333333
2 0.62 0.4653333333333333 0.068 0.06133333333333333
2 0.706 0.516 0.10400000000000001 0.06666666666666667
2 0.881 0.496 0.074 0.064
2 0.787 0.47866666666666663 0.058 0.06666666666666667
2 0.937 0.584 0.098 0.096
2 0.301 0.572 0.19 0.08266666666666667
2 0.187 0.5346666666666666 0.11 0.06666666666666667
2 0.186 0.46799999999999997 0.112 0.06133333333333333
