0 0.324 0.5106761565836299 0.192 0.5587188612099644
0 0.909 0.2384341637010676 0.058 0.26334519572953735
0 0.844 0.22419928825622776 0.032 0.24199288256227758
0 0.8160000000000001 0.19395017793594305 0.028 0.11743772241992882
0 0.6940000000000001 0.24199288256227758 0.048 0.25622775800711745
0 0.56 0.31494661921708184 0.056 0.25266903914590744
0 0.538 0.2686832740213523 0.04 0.2882562277580071
0 0.491 0.2846975088967971 0.03 0.13523131672597863
0 0.439 0.32028469750889677 0.046 0.20640569395017794
0 0.373 0.3167259786476868 0.05 0.18505338078291814
