0 0.43 0.6626666666666666 0.248 0.6746666666666666
0 0.605 0.5 0.074 0.248
0 0.912 0.6586666666666666 0.096 0.29333333333333333
0 0.972 0.604 0.056 0.44
0 0.543 0.49066666666666664 0.062 0.23466666666666666
0 0.762 0.45599999999999996 0.028 0.08533333333333333
0 0.721 0.448 0.026000000000000002 0.10133333333333333
0 0.6990000000000001 0.44266666666666665 0.026000000000000002 0.08
0 0.679 0.44 0.018000000000000002 0.064
0 0.661 0.436 0.018000000000000002 0.072
0 0.642 0.4333333333333333 0.024 0.07733333333333334
