0 0.981 0.5149253731343284 0.026000000000000002 0.11641791044776119
0 0.9520000000000001 0.5104477611940299 0.016 0.10746268656716418
0 0.93 0.5074626865671642 0.028 0.11940298507462686
0 0.9 0.5134328358208955 0.028 0.11940298507462686
0 0.873 0.5268656716417911 0.03 0.14029850746268657
0 0.834 0.5283582089552239 0.036000000000000004 0.16119402985074627
0 0.853 0.5597014925373134 0.022 0.11641791044776119
0 0.798 0.5014925373134328 0.02 0.10746268656716418
0 0.74 0.5283582089552239 0.024 0.11940298507462686
0 0.637 0.5268656716417911 0.038 0.12835820895522387
0 0.604 0.5328358208955224 0.028 0.14029850746268657
0 0.375 0.5194029850746269 0.026000000000000002 0.10149253731343284
0 0.333 0.5164179104477612 0.018000000000000002 0.0955223880597015
0 0.318 0.517910447761194 0.016 0.09253731343283582
2 0.41200000000000003 0.49850746268656715 0.028 0.041791044776119404
2 0.24 0.5029850746268657 0.036000000000000004 0.03880597014925373
2 0.105 0.5029850746268657 0.038 0.03880597014925373
2 0.203 0.5044776119402985 0.042 0.04776119402985075
2 0.17200000000000001 0.49850746268656715 0.028 0.03582089552238806
2 0.278 0.5014925373134328 0.028 0.041791044776119404
