3 0.663 0.6882530120481928 0.35000000000000003 0.38253012048192775
2 0.876 0.7289156626506025 0.076 0.15060240963855423
2 0.844 0.7319277108433735 0.02 0.10240963855421688
2 0.9550000000000001 0.75 0.09 0.12048192771084337
2 0.976 0.7048192771084337 0.036000000000000004 0.030120481927710843
2 0.9590000000000001 0.6927710843373495 0.082 0.05421686746987952
2 0.168 0.7816265060240964 0.332 0.3042168674698795
2 0.424 0.7801204819277109 0.076 0.15060240963855423
2 0.459 0.7560240963855422 0.058 0.12650602409638556
2 0.47800000000000004 0.8162650602409639 0.016 0.10843373493975904
