2 0.509 0.5435435435435435 0.67 0.6126126126126126
2 0.158 0.4249249249249249 0.312 0.23723723723723725
2 0.972 0.4009009009009009 0.056 0.14714714714714713
0 0.065 0.4174174174174174 0.122 0.34234234234234234
0 0.9400000000000001 0.40540540540540543 0.06 0.23423423423423423
2 0.17400000000000002 0.7717717717717718 0.34400000000000003 0.45645645645645644
0 0.965 0.6876876876876877 0.07 0.6246246246246246
0 0.9490000000000001 0.14864864864864866 0.026000000000000002 0.08108108108108109
0 0.795 0.15165165165165165 0.03 0.06906906906906907
0 0.761 0.14114114114114115 0.03 0.08408408408408408
0 0.731 0.14264264264264265 0.03 0.057057057057057055
0 0.678 0.13513513513513514 0.02 0.05405405405405406
0 0.539 0.12762762762762764 0.026000000000000002 0.057057057057057055
0 0.5650000000000001 0.13363363363363362 0.022 0.03903903903903904
0 0.595 0.14114114114114115 0.014 0.04204204204204204
0 0.627 0.14414414414414414 0.018000000000000002 0.04804804804804805
0 0.906 0.15165165165165165 0.024 0.06306306306306306
