2 0.8320000000000001 0.7453333333333333 0.26 0.152
2 0.584 0.7453333333333333 0.28 0.152
2 0.377 0.752 0.23 0.13333333333333333
2 0.198 0.752 0.232 0.12266666666666666
2 0.101 0.7186666666666667 0.162 0.16266666666666665
0 0.907 0.656 0.042 0.08533333333333333
0 0.867 0.6613333333333333 0.018000000000000002 0.021333333333333333
0 0.8270000000000001 0.6586666666666666 0.022 0.026666666666666665
0 0.793 0.6653333333333333 0.018000000000000002 0.024
0 0.247 0.6799999999999999 0.022 0.026666666666666665
0 0.267 0.6866666666666666 0.018000000000000002 0.024
