0 0.888 0.5360962566844919 0.052000000000000005 0.15240641711229946
0 0.847 0.53475935828877 0.038 0.1497326203208556
0 0.809 0.5374331550802138 0.042 0.13903743315508021
0 0.758 0.24866310160427807 0.04 0.0641711229946524
0 0.511 0.2927807486631016 0.034 0.14171122994652405
0 0.533 0.2887700534759358 0.03 0.1443850267379679
0 0.375 0.2927807486631016 0.026000000000000002 0.13636363636363635
0 0.354 0.25534759358288767 0.024 0.04545454545454545
0 0.29 0.2914438502673797 0.036000000000000004 0.1336898395721925
0 0.259 0.30213903743315507 0.03 0.1283422459893048
0 0.233 0.29411764705882354 0.05 0.1283422459893048
0 0.195 0.2954545454545454 0.038 0.14171122994652405
0 0.082 0.25534759358288767 0.028 0.04545454545454545
0 0.042 0.24064171122994651 0.036000000000000004 0.0748663101604278
0 0.685 0.2566844919786096 0.022 0.0320855614973262
