3 0.599 0.8613333333333333 0.798 0.18133333333333332
2 0.966 0.9586666666666667 0.068 0.08266666666666667
2 0.921 0.9293333333333333 0.058 0.04
2 0.773 0.952 0.354 0.096
2 0.705 0.9079999999999999 0.358 0.16799999999999998
2 0.487 0.9586666666666667 0.134 0.08266666666666667
2 0.289 0.96 0.34600000000000003 0.08
2 0.392 0.9493333333333333 0.044 0.048
2 0.105 0.9666666666666667 0.186 0.06666666666666667
2 0.034 0.9613333333333333 0.064 0.07733333333333334
0 0.305 0.8773333333333333 0.038 0.048
