2 0.5045045045045045 0.707 0.8648648648648649 0.306
2 0.07657657657657657 0.528 0.14714714714714713 0.084
2 0.02102102102102102 0.42 0.036036036036036036 0.02
2 0.057057057057057055 0.41500000000000004 0.06006006006006006 0.018000000000000002
2 0.0960960960960961 0.41300000000000003 0.04804804804804805 0.014
2 0.35135135135135137 0.41500000000000004 0.15615615615615616 0.042
2 0.46396396396396394 0.41200000000000003 0.17717717717717718 0.036000000000000004
2 0.545045045045045 0.393 0.06906906906906907 0.022
2 0.6246246246246246 0.41100000000000003 0.16216216216216217 0.038
2 0.7267267267267267 0.41000000000000003 0.12612612612612611 0.044
2 0.8108108108108109 0.41300000000000003 0.15615615615615616 0.042
2 0.9309309309309309 0.405 0.13813813813813813 0.066
2 0.975975975975976 0.424 0.04804804804804805 0.036000000000000004
