2 0.088 0.9002320185614849 0.064 0.07424593967517401
2 0.553 0.9303944315545243 0.158 0.11136890951276102
2 0.639 0.9489559164733178 0.14200000000000002 0.08816705336426914
2 0.756 0.9524361948955916 0.26 0.0951276102088167
2 0.45 0.9338747099767981 0.06 0.06264501160092807
2 0.41500000000000004 0.9245939675174013 0.10200000000000001 0.08584686774941995
2 0.34800000000000003 0.925754060324826 0.068 0.06960556844547564
2 0.31 0.919953596287703 0.088 0.06728538283062645
2 0.257 0.9153132250580046 0.082 0.06264501160092807
2 0.19 0.9129930394431555 0.064 0.05336426914153132
2 0.16 0.9118329466357308 0.028 0.05104408352668213
2 0.14300000000000002 0.9083526682134571 0.046 0.058004640371229696
