0 0.649 0.15333333333333332 0.154 0.30133333333333334
0 0.808 0.152 0.124 0.29866666666666664
0 0.14 0.156 0.12 0.30666666666666664
0 0.031 0.208 0.058 0.21333333333333332
0 0.423 0.5386666666666666 0.462 0.736
0 0.714 0.6346666666666666 0.4 0.7306666666666667
0 0.9430000000000001 0.84 0.114 0.32
0 0.526 0.8373333333333333 0.216 0.3253333333333333
0 0.271 0.8586666666666667 0.17400000000000002 0.2826666666666667
0 0.094 0.8493333333333333 0.184 0.30133333333333334
0 0.016 0.6893333333333334 0.028 0.088
0 0.352 0.22266666666666665 0.244 0.17866666666666667
