4 0.089 0.7133333333333333 0.07 0.17333333333333334
4 0.227 0.7093333333333333 0.066 0.19733333333333333
0 0.151 0.6799999999999999 0.046 0.208
0 0.189 0.6786666666666666 0.058 0.24266666666666667
0 0.433 0.6946666666666667 0.07 0.312
0 0.778 0.6639999999999999 0.052000000000000005 0.224
0 0.9 0.6186666666666667 0.044 0.08533333333333333
4 0.335 0.724 0.058 0.16799999999999998
4 0.375 0.7 0.058 0.152
4 0.901 0.728 0.058 0.13333333333333333
0 0.363 0.6226666666666666 0.03 0.08266666666666667
2 0.596 0.7293333333333333 0.232 0.2693333333333333
