2 0.494 0.5293333333333333 0.9 0.6799999999999999
2 0.8230000000000001 0.13733333333333334 0.126 0.06666666666666667
2 0.675 0.13599999999999998 0.186 0.07466666666666666
2 0.781 0.344 0.438 0.3413333333333333
2 0.519 0.152 0.178 0.09066666666666666
2 0.258 0.19999999999999998 0.256 0.15466666666666667
2 0.067 0.252 0.13 0.216
2 0.059000000000000004 0.13866666666666666 0.114 0.10133333333333333
2 0.165 0.13599999999999998 0.114 0.09066666666666666
2 0.304 0.11066666666666666 0.124 0.050666666666666665
2 0.5730000000000001 0.112 0.09 0.064
2 0.041 0.8253333333333333 0.078 0.34933333333333333
0 0.9540000000000001 0.156 0.092 0.24266666666666667
0 0.879 0.096 0.026000000000000002 0.064
0 0.848 0.08399999999999999 0.032 0.050666666666666665
0 0.778 0.088 0.044 0.06933333333333333
0 0.738 0.08933333333333333 0.04 0.07733333333333334
0 0.704 0.07333333333333333 0.008 0.034666666666666665
0 0.686 0.07466666666666666 0.032 0.058666666666666666
0 0.579 0.06933333333333333 0.022 0.032
0 0.504 0.06533333333333333 0.02 0.034666666666666665
0 0.54 0.064 0.028 0.032
0 0.403 0.10666666666666666 0.082 0.13866666666666666
