3 0.221 0.5066666666666666 0.43 0.9866666666666666
3 0.452 0.5 0.092 0.43466666666666665
2 0.934 0.8746666666666666 0.132 0.25066666666666665
2 0.812 0.6933333333333334 0.22 0.20266666666666666
2 0.622 0.8066666666666666 0.22 0.30666666666666664
2 0.585 0.6426666666666666 0.154 0.15466666666666667
2 0.577 0.5479999999999999 0.09 0.06133333333333333
2 0.5670000000000001 0.5066666666666666 0.074 0.064
2 0.592 0.48266666666666663 0.056 0.058666666666666666
2 0.743 0.5973333333333333 0.122 0.13333333333333333
2 0.686 0.5413333333333333 0.092 0.10133333333333333
2 0.675 0.476 0.054 0.029333333333333333
0 0.776 0.47866666666666663 0.024 0.08266666666666667
0 0.678 0.44 0.02 0.026666666666666665
