2 0.979 0.601145038167939 0.042 0.08778625954198473
2 0.913 0.5858778625954199 0.11 0.11068702290076335
2 0.856 0.599236641221374 0.064 0.08396946564885496
2 0.792 0.5935114503816794 0.052000000000000005 0.08778625954198473
2 0.639 0.58206106870229 0.074 0.09541984732824427
2 0.435 0.5916030534351144 0.07 0.11450381679389313
2 0.34400000000000003 0.5896946564885496 0.088 0.11068702290076335
2 0.256 0.6030534351145038 0.07200000000000001 0.1297709923664122
2 0.137 0.5973282442748091 0.098 0.11832061068702289
2 0.042 0.5973282442748091 0.076 0.09541984732824427
2 0.706 0.5744274809160305 0.116 0.14885496183206107
