0 0.417 0.5226666666666666 0.106 0.208
0 0.464 0.4693333333333333 0.076 0.176
0 0.378 0.43866666666666665 0.076 0.11466666666666667
0 0.29 0.45999999999999996 0.1 0.14666666666666667
0 0.221 0.45599999999999996 0.09 0.176
0 0.169 0.444 0.09 0.056
0 0.178 0.5573333333333333 0.068 0.14933333333333332
0 0.115 0.47333333333333333 0.038 0.088
0 0.134 0.656 0.248 0.5546666666666666
0 0.611 0.45999999999999996 0.058 0.13599999999999998
0 0.642 0.484 0.108 0.15733333333333333
0 0.707 0.66 0.158 0.41866666666666663
0 0.97 0.648 0.06 0.3893333333333333
0 0.834 0.692 0.248 0.5519999999999999
