2 0.77 0.8786666666666666 0.092 0.07733333333333334
2 0.402 0.9453333333333332 0.156 0.09333333333333332
2 0.989 0.9133333333333333 0.022 0.06133333333333333
0 0.203 0.96 0.026000000000000002 0.058666666666666666
0 0.18 0.8973333333333333 0.032 0.088
0 0.931 0.9653333333333333 0.03 0.06933333333333333
0 0.866 0.968 0.028 0.064
0 0.432 0.968 0.02 0.064
0 0.41200000000000003 0.972 0.02 0.056
0 0.384 0.9786666666666667 0.028 0.042666666666666665
0 0.357 0.9813333333333333 0.03 0.03733333333333333
0 0.329 0.9733333333333333 0.018000000000000002 0.05333333333333333
0 0.226 0.9826666666666667 0.024 0.034666666666666665
0 0.247 0.9853333333333333 0.026000000000000002 0.029333333333333333
0 0.28 0.9773333333333333 0.02 0.04533333333333333
0 0.281 0.96 0.022 0.03733333333333333
0 0.276 0.9306666666666666 0.024 0.07466666666666666
0 0.9520000000000001 0.824 0.016 0.07466666666666666
0 0.9400000000000001 0.8186666666666667 0.02 0.048
