1 0.685 0.7999999999999999 0.08600000000000001 0.27199999999999996
0 0.398 0.49866666666666665 0.024 0.07466666666666666
0 0.374 0.5026666666666666 0.02 0.06666666666666667
0 0.352 0.4973333333333333 0.02 0.08266666666666667
0 0.33 0.5226666666666666 0.036000000000000004 0.10666666666666666
0 0.434 0.504 0.028 0.112
0 0.47000000000000003 0.5106666666666666 0.028 0.09333333333333332
0 0.246 0.5226666666666666 0.036000000000000004 0.08
2 0.022 0.4973333333333333 0.04 0.04533333333333333
3 0.19 0.47733333333333333 0.232 0.144
