2 0.331 0.48666666666666664 0.074 0.06666666666666667
2 0.263 0.4973333333333333 0.074 0.088
0 0.7000000000000001 0.54 0.032 0.09866666666666667
0 0.24 0.5066666666666666 0.048 0.05333333333333333
0 0.306 0.54 0.044 0.13599999999999998
4 0.308 0.5653333333333334 0.044 0.08533333333333333
0 0.41300000000000003 0.5479999999999999 0.042 0.12
4 0.106 0.7013333333333334 0.124 0.19733333333333333
4 0.253 0.724 0.114 0.19999999999999998
4 0.391 0.7866666666666666 0.11800000000000001 0.24533333333333332
4 0.5640000000000001 0.8573333333333333 0.152 0.2693333333333333
4 0.47800000000000004 0.632 0.092 0.15466666666666667
4 0.196 0.648 0.076 0.16
0 0.5700000000000001 0.7653333333333333 0.116 0.304
0 0.397 0.7133333333333333 0.08600000000000001 0.248
0 0.257 0.6506666666666666 0.098 0.21333333333333332
0 0.11900000000000001 0.6346666666666666 0.094 0.224
0 0.198 0.596 0.064 0.17333333333333334
2 0.872 0.6933333333333334 0.256 0.3413333333333333
4 0.606 0.5893333333333333 0.068 0.09066666666666666
4 0.655 0.6 0.022 0.048
0 0.604 0.5626666666666666 0.048 0.12266666666666666
0 0.646 0.54 0.028 0.07733333333333334
0 0.031 0.5346666666666666 0.038 0.13066666666666665
0 0.074 0.5226666666666666 0.044 0.06933333333333333
0 0.148 0.496 0.036000000000000004 0.058666666666666666
0 0.167 0.48666666666666664 0.026000000000000002 0.04533333333333333
4 0.154 0.5519999999999999 0.036000000000000004 0.08533333333333333
4 0.07200000000000001 0.6013333333333333 0.052000000000000005 0.104
3 0.14 0.39866666666666667 0.036000000000000004 0.04533333333333333
0 0.787 0.5613333333333334 0.03 0.104
0 0.763 0.5706666666666667 0.034 0.10133333333333333
0 0.8250000000000001 0.5666666666666667 0.046 0.056
0 0.47600000000000003 0.5866666666666667 0.064 0.16
