0 0.532 0.8053333333333333 0.056 0.22933333333333333
0 0.417 0.8373333333333333 0.066 0.22933333333333333
0 0.20700000000000002 0.62 0.034 0.13066666666666665
0 0.12 0.5893333333333333 0.036000000000000004 0.10666666666666666
0 0.054 0.6626666666666666 0.052000000000000005 0.072
0 0.34700000000000003 0.6893333333333334 0.038 0.14666666666666667
0 0.44 0.6773333333333333 0.048 0.15466666666666667
0 0.46 0.6639999999999999 0.04 0.12266666666666666
0 0.679 0.6253333333333333 0.038 0.12
0 0.05 0.6 0.04 0.09066666666666666
0 0.375 0.47333333333333333 0.018000000000000002 0.050666666666666665
0 0.394 0.4666666666666667 0.016 0.05333333333333333
0 0.423 0.48533333333333334 0.018000000000000002 0.064
0 0.6880000000000001 0.48666666666666664 0.02 0.06666666666666667
0 0.704 0.49866666666666665 0.02 0.058666666666666666
0 0.745 0.49466666666666664 0.022 0.06133333333333333
0 0.891 0.4933333333333333 0.018000000000000002 0.058666666666666666
