0 0.8293333333333333 0.716 0.08 0.14400000000000002
0 0.10933333333333332 0.6920000000000001 0.07466666666666666 0.136
0 0.6 0.7030000000000001 0.08 0.146
0 0.7186666666666667 0.708 0.06666666666666667 0.152
0 0.4933333333333333 0.715 0.058666666666666666 0.154
0 0.44 0.704 0.06933333333333333 0.14
0 0.17466666666666666 0.707 0.09333333333333332 0.14200000000000002
0 0.252 0.6960000000000001 0.050666666666666665 0.132
0 0.19999999999999998 0.649 0.03733333333333333 0.05
0 0.13333333333333333 0.646 0.048 0.068
0 0.356 0.725 0.07733333333333334 0.138
0 0.064 0.707 0.058666666666666666 0.134
0 0.012 0.721 0.018666666666666665 0.146
2 0.056 0.66 0.10666666666666666 0.07200000000000001
