3 0.836 0.45066666666666666 0.328 0.368
0 0.8170000000000001 0.58 0.09 0.33866666666666667
0 0.439 0.596 0.078 0.2853333333333333
0 0.319 0.616 0.07 0.3466666666666667
0 0.624 0.596 0.092 0.33866666666666667
0 0.737 0.5866666666666667 0.062 0.352
0 0.723 0.6413333333333333 0.146 0.39199999999999996
0 0.546 0.6146666666666667 0.124 0.296
0 0.384 0.6053333333333333 0.1 0.3733333333333333
0 0.26 0.5386666666666666 0.024 0.11733333333333333
0 0.20800000000000002 0.604 0.06 0.09866666666666667
0 0.094 0.6146666666666667 0.032 0.06133333333333333
0 0.17200000000000001 0.588 0.076 0.2373333333333333
0 0.125 0.6146666666666667 0.114 0.2853333333333333
