0 0.714 0.6906666666666667 0.356 0.6186666666666667
0 0.654 0.6093333333333333 0.216 0.30666666666666664
0 0.637 0.6186666666666667 0.198 0.384
0 0.583 0.5106666666666666 0.126 0.264
0 0.508 0.4933333333333333 0.08 0.16533333333333333
0 0.388 0.492 0.156 0.19999999999999998
0 0.267 0.508 0.11800000000000001 0.216
0 0.339 0.36933333333333335 0.182 0.20533333333333334
0 0.41500000000000004 0.37866666666666665 0.126 0.288
0 0.528 0.37066666666666664 0.336 0.304
0 0.641 0.36133333333333334 0.158 0.2373333333333333
0 0.133 0.372 0.214 0.328
0 0.185 0.5586666666666666 0.15 0.2906666666666667
0 0.098 0.6253333333333333 0.192 0.408
