0 0.681 0.5183727034120735 0.638 0.5590551181102362
2 0.501 0.589238845144357 0.998 0.821522309711286
2 0.616 0.21391076115485563 0.768 0.3753280839895013
2 0.387 0.024934383202099737 0.082 0.04461942257217848
2 0.463 0.024934383202099737 0.082 0.04461942257217848
2 0.548 0.023622047244094488 0.07200000000000001 0.04199475065616798
2 0.66 0.01706036745406824 0.076 0.028871391076115485
2 0.75 0.02230971128608924 0.068 0.03937007874015748
2 0.897 0.015748031496062992 0.078 0.026246719160104987
2 0.9570000000000001 0.01968503937007874 0.054 0.03412073490813648
2 0.986 0.02230971128608924 0.028 0.03937007874015748
