2 0.871 0.7546666666666666 0.202 0.10666666666666666
2 0.40900000000000003 0.7266666666666667 0.046 0.04533333333333333
2 0.358 0.7186666666666667 0.032 0.034666666666666665
2 0.323 0.7133333333333333 0.03 0.029333333333333333
0 0.214 0.7373333333333333 0.02 0.07733333333333334
0 0.247 0.7386666666666667 0.022 0.07466666666666666
0 0.559 0.7146666666666667 0.018000000000000002 0.058666666666666666
0 0.597 0.7186666666666667 0.01 0.04533333333333333
0 0.5750000000000001 0.7186666666666667 0.01 0.056
2 0.28600000000000003 0.716 0.016 0.018666666666666665
2 0.276 0.72 0.012 0.016
2 0.305 0.7133333333333333 0.018000000000000002 0.024
