2 0.99 0.2972972972972973 0.02 0.04204204204204204
2 0.962 0.2987987987987988 0.044 0.03903903903903904
2 0.921 0.3018018018018018 0.058 0.04504504504504504
2 0.838 0.3033033033033033 0.052000000000000005 0.024024024024024024
2 0.761 0.3288288288288288 0.122 0.08708708708708708
2 0.668 0.3108108108108108 0.12 0.06906906906906907
2 0.5630000000000001 0.3123123123123123 0.09 0.024024024024024024
2 0.243 0.34984984984984985 0.274 0.15915915915915915
2 0.024 0.37987987987987987 0.044 0.08108108108108109
2 0.041 0.487987987987988 0.078 0.14714714714714713
2 0.859 0.34384384384384387 0.11800000000000001 0.0990990990990991
2 0.9390000000000001 0.38738738738738737 0.122 0.14414414414414414
2 0.545 0.503003003003003 0.606 0.37537537537537535
