0 0.537 0.3733333333333333 0.314 0.4053333333333333
0 0.601 0.5733333333333334 0.262 0.3253333333333333
0 0.37 0.5693333333333334 0.22 0.2693333333333333
0 0.162 0.6373333333333333 0.20400000000000001 0.35733333333333334
0 0.152 0.7906666666666666 0.3 0.41866666666666663
0 0.794 0.712 0.192 0.576
0 0.8320000000000001 0.512 0.10400000000000001 0.20266666666666666
0 0.639 0.416 0.082 0.208
0 0.356 0.39866666666666667 0.076 0.14666666666666667
0 0.307 0.41733333333333333 0.078 0.27999999999999997
0 0.053 0.444 0.10200000000000001 0.264
