3 0.39599999999999996 0.635 0.19466666666666665 0.11800000000000001
3 0.4453333333333333 0.735 0.33599999999999997 0.17
2 0.5 0.799 0.15733333333333333 0.07
2 0.692 0.6970000000000001 0.104 0.042
2 0.7546666666666666 0.664 0.09066666666666666 0.044
2 0.8933333333333333 0.5700000000000001 0.064 0.036000000000000004
2 0.948 0.557 0.06133333333333333 0.034
2 0.984 0.546 0.032 0.032
0 0.42933333333333334 0.92 0.03733333333333333 0.064
0 0.4413333333333333 0.907 0.034666666666666665 0.058
0 0.6186666666666667 0.984 0.042666666666666665 0.032
0 0.652 0.973 0.04533333333333333 0.054
0 0.7213333333333333 0.984 0.04533333333333333 0.032
0 0.6839999999999999 0.99 0.04 0.02
