2 0.8310000000000001 0.5066666666666666 0.338 0.304
2 0.074 0.5053333333333333 0.14400000000000002 0.22133333333333333
2 0.07 0.42266666666666663 0.136 0.12533333333333332
4 0.862 0.5693333333333334 0.20400000000000001 0.22133333333333333
4 0.673 0.508 0.158 0.296
0 0.855 0.524 0.114 0.30666666666666664
0 0.646 0.43466666666666665 0.088 0.13866666666666666
0 0.444 0.45066666666666666 0.032 0.042666666666666665
0 0.35000000000000003 0.4493333333333333 0.052000000000000005 0.07733333333333334
2 0.401 0.45866666666666667 0.5740000000000001 0.432
