0 0.165 0.7253333333333333 0.314 0.5493333333333333
0 0.307 0.6693333333333333 0.178 0.3413333333333333
0 0.355 0.7866666666666666 0.14200000000000002 0.368
0 0.403 0.7066666666666667 0.13 0.2613333333333333
0 0.47600000000000003 0.7026666666666667 0.096 0.2373333333333333
0 0.6910000000000001 0.7066666666666667 0.114 0.30933333333333335
0 0.599 0.6706666666666666 0.126 0.25866666666666666
0 0.925 0.7226666666666667 0.15 0.5546666666666666
0 0.804 0.7533333333333333 0.244 0.48266666666666663
0 0.762 0.7053333333333333 0.14 0.312
