0 0.666 0.39999999999999997 0.1 0.432
0 0.41600000000000004 0.4666666666666667 0.116 0.21333333333333332
0 0.315 0.3466666666666667 0.082 0.416
0 0.371 0.3813333333333333 0.066 0.27199999999999996
0 0.378 0.2813333333333333 0.07200000000000001 0.2533333333333333
0 0.539 0.30533333333333335 0.058 0.216
0 0.159 0.29466666666666663 0.074 0.17866666666666667
0 0.084 0.3453333333333333 0.1 0.45599999999999996
0 0.463 0.2653333333333333 0.09 0.27466666666666667
0 0.756 0.312 0.08 0.2773333333333333
0 0.788 0.29733333333333334 0.032 0.16266666666666665
0 0.727 0.224 0.026000000000000002 0.064
0 0.6910000000000001 0.21466666666666667 0.066 0.11466666666666667
0 0.511 0.42266666666666663 0.126 0.264
