2 0.924 0.44894894894894893 0.152 0.26726726726726724
1 0.537 0.7027027027027027 0.422 0.32432432432432434
4 0.802 0.3483483483483483 0.148 0.12012012012012012
0 0.799 0.3078078078078078 0.066 0.13513513513513514
0 0.5690000000000001 0.581081081081081 0.162 0.47147147147147145
3 0.10400000000000001 0.3408408408408408 0.20400000000000001 0.38738738738738737
3 0.27 0.23873873873873874 0.232 0.14714714714714713
3 0.8240000000000001 0.1906906906906907 0.352 0.2732732732732733
2 0.325 0.2882882882882883 0.17400000000000002 0.09009009009009009
2 0.481 0.25225225225225223 0.066 0.05405405405405406
2 0.431 0.24174174174174173 0.082 0.06906906906906907
2 0.529 0.24774774774774774 0.062 0.04504504504504504
2 0.547 0.2552552552552553 0.03 0.04204204204204204
2 0.605 0.24174174174174173 0.042 0.06306306306306306
2 0.634 0.24474474474474475 0.04 0.05105105105105105
