1 0.6990000000000001 0.436 0.078 0.07733333333333334
1 0.422 0.6653333333333333 0.276 0.4026666666666667
2 0.114 0.484 0.224 0.472
2 0.20700000000000002 0.5106666666666666 0.41000000000000003 0.2853333333333333
2 0.39 0.46799999999999997 0.212 0.17333333333333334
2 0.488 0.45066666666666666 0.14 0.144
2 0.586 0.3973333333333333 0.188 0.096
2 0.8310000000000001 0.36533333333333334 0.078 0.05333333333333333
0 0.641 0.5186666666666666 0.062 0.3973333333333333
0 0.589 0.564 0.14200000000000002 0.488
