0 0.63 0.708 0.036000000000000004 0.11466666666666667
0 0.5720000000000001 0.7186666666666667 0.024 0.08266666666666667
0 0.541 0.7133333333333333 0.022 0.088
0 0.34500000000000003 0.7093333333333333 0.034 0.10666666666666666
0 0.032 0.7706666666666666 0.06 0.29866666666666664
0 0.986 0.716 0.028 0.15733333333333333
0 0.522 0.6986666666666667 0.024 0.07466666666666666
0 0.129 0.692 0.018000000000000002 0.08266666666666667
0 0.405 0.6893333333333334 0.018000000000000002 0.056
0 0.388 0.6826666666666666 0.02 0.06933333333333333
0 0.452 0.6826666666666666 0.02 0.058666666666666666
0 0.25 0.6799999999999999 0.02 0.064
0 0.113 0.6946666666666667 0.022 0.088
0 0.091 0.6786666666666666 0.018000000000000002 0.06133333333333333
