0 0.369 0.6051051051051051 0.454 0.7897897897897898
0 0.8190000000000001 0.31681681681681684 0.066 0.2732732732732733
0 0.7000000000000001 0.31981981981981983 0.036000000000000004 0.15315315315315314
0 0.655 0.31981981981981983 0.03 0.14114114114114115
0 0.633 0.3183183183183183 0.03 0.13813813813813813
0 0.721 0.3183183183183183 0.018000000000000002 0.10810810810810811
0 0.601 0.33783783783783783 0.026000000000000002 0.16516516516516516
0 0.5760000000000001 0.3483483483483483 0.032 0.16216216216216217
0 0.784 0.3108108108108108 0.024 0.15915915915915915
0 0.772 0.3033033033033033 0.024 0.14414414414414414
0 0.745 0.3003003003003003 0.022 0.12612612612612611
