0 0.791 0.712 0.042 0.16533333333333333
0 0.675 0.7186666666666667 0.034 0.13066666666666665
0 0.729 0.716 0.046 0.15733333333333333
0 0.736 0.7053333333333333 0.048 0.13599999999999998
0 0.967 0.6613333333333333 0.014 0.048
0 0.9490000000000001 0.6573333333333333 0.014 0.056
0 0.9390000000000001 0.656 0.014 0.048
0 0.919 0.6546666666666666 0.018000000000000002 0.050666666666666665
0 0.927 0.6586666666666666 0.01 0.048
0 0.884 0.6533333333333333 0.012 0.042666666666666665
0 0.876 0.6533333333333333 0.012 0.042666666666666665
0 0.858 0.656 0.012 0.03733333333333333
0 0.8300000000000001 0.6573333333333333 0.012 0.04533333333333333
0 0.838 0.652 0.012 0.04
0 0.843 0.6533333333333333 0.006 0.032
0 0.848 0.652 0.008 0.04
0 0.771 0.6466666666666666 0.014 0.04
0 0.756 0.644 0.012 0.034666666666666665
