2 0.329 0.6386666666666666 0.382 0.14666666666666667
2 0.487 0.5386666666666666 0.154 0.112
2 0.433 0.5333333333333333 0.158 0.08
2 0.39 0.6933333333333334 0.392 0.14933333333333332
2 0.417 0.6253333333333333 0.20600000000000002 0.09333333333333332
2 0.355 0.5533333333333333 0.25 0.09866666666666667
2 0.443 0.5546666666666666 0.14200000000000002 0.08533333333333333
2 0.749 0.512 0.05 0.06933333333333333
2 0.8230000000000001 0.5106666666666666 0.122 0.08266666666666667
2 0.9450000000000001 0.524 0.11 0.08266666666666667
2 0.968 0.5506666666666666 0.064 0.08266666666666667
2 0.423 0.45999999999999996 0.066 0.04533333333333333
2 0.856 0.5293333333333333 0.076 0.08266666666666667
2 0.37 0.7653333333333333 0.41200000000000003 0.18666666666666665
