0 0.744 0.744 0.216 0.512
0 0.598 0.7586666666666666 0.14400000000000002 0.48266666666666663
0 0.6950000000000001 0.584 0.082 0.15466666666666667
0 0.657 0.43066666666666664 0.15 0.17333333333333334
0 0.531 0.44266666666666665 0.146 0.37866666666666665
0 0.482 0.6466666666666666 0.132 0.3973333333333333
0 0.386 0.6746666666666666 0.16 0.35733333333333334
0 0.195 0.6546666666666666 0.158 0.3973333333333333
0 0.261 0.628 0.10200000000000001 0.376
0 0.322 0.5626666666666666 0.092 0.21333333333333332
0 0.073 0.7026666666666667 0.134 0.5146666666666666
0 0.033 0.6986666666666667 0.062 0.5066666666666666
0 0.156 0.424 0.028 0.03733333333333333
0 0.318 0.43066666666666664 0.07200000000000001 0.072
