3 0.404 0.612 0.668 0.376
2 0.05 0.6346666666666666 0.044 0.08533333333333333
3 0.787 0.5853333333333333 0.11800000000000001 0.184
3 0.915 0.6106666666666667 0.15 0.09066666666666666
0 0.66 0.824 0.07200000000000001 0.20266666666666666
0 0.971 0.8039999999999999 0.054 0.16799999999999998
0 0.214 0.8946666666666666 0.064 0.21066666666666667
0 0.798 0.6346666666666666 0.024 0.08
0 0.179 0.49466666666666664 0.054 0.08266666666666667
0 0.355 0.5213333333333333 0.022 0.04
0 0.404 0.52 0.02 0.048
0 0.427 0.52 0.03 0.048
0 0.622 0.5213333333333333 0.032 0.04533333333333333
0 0.682 0.5293333333333333 0.024 0.029333333333333333
0 0.459 0.524 0.022 0.034666666666666665
0 0.509 0.5213333333333333 0.026000000000000002 0.04533333333333333
0 0.584 0.524 0.028 0.04533333333333333
0 0.739 0.6266666666666666 0.018000000000000002 0.08
