0 0.885 0.6826666666666666 0.23 0.6346666666666666
0 0.661 0.6213333333333333 0.302 0.7573333333333333
0 0.505 0.5053333333333333 0.106 0.35466666666666663
0 0.34400000000000003 0.43466666666666665 0.07200000000000001 0.25066666666666665
0 0.343 0.316 0.026000000000000002 0.056
1 0.664 0.9013333333333333 0.38 0.19733333333333333
1 0.924 0.8946666666666666 0.152 0.21066666666666667
1 0.506 0.6173333333333333 0.096 0.25866666666666666
1 0.339 0.496 0.066 0.16533333333333333
2 0.848 0.472 0.304 0.224
