0 0.621 0.6626666666666666 0.11800000000000001 0.4613333333333333
0 0.487 0.7573333333333333 0.074 0.33599999999999997
0 0.789 0.6799999999999999 0.062 0.29333333333333333
0 0.836 0.6213333333333333 0.08 0.36266666666666664
0 0.885 0.644 0.058 0.328
0 0.28300000000000003 0.5173333333333333 0.08600000000000001 0.3253333333333333
0 0.37 0.6813333333333333 0.108 0.408
2 0.877 0.476 0.058 0.04533333333333333
2 0.8 0.4746666666666666 0.052000000000000005 0.05333333333333333
2 0.735 0.48133333333333334 0.054 0.04533333333333333
2 0.675 0.472 0.074 0.05333333333333333
2 0.682 0.44666666666666666 0.056 0.034666666666666665
2 0.5660000000000001 0.45466666666666666 0.076 0.04
