0 0.985 0.592 0.03 0.10666666666666666
0 0.8290000000000001 0.6106666666666667 0.17400000000000002 0.29333333333333333
0 0.655 0.5479999999999999 0.08600000000000001 0.12
0 0.518 0.5066666666666666 0.084 0.30933333333333335
0 0.424 0.5133333333333333 0.084 0.2906666666666667
0 0.07100000000000001 0.4653333333333333 0.094 0.312
0 0.151 0.472 0.098 0.304
0 0.073 0.8026666666666666 0.14200000000000002 0.39466666666666667
0 0.684 0.7293333333333333 0.232 0.472
0 0.324 0.7013333333333334 0.168 0.352
