2 0.46 0.5690184049079755 0.896 0.7883435582822086
2 0.053 0.30368098159509205 0.10200000000000001 0.147239263803681
2 0.10400000000000001 0.28680981595092025 0.088 0.10736196319018405
0 0.923 0.558282208588957 0.154 0.8834355828220859
0 0.845 0.3220858895705522 0.11 0.24539877300613497
0 0.676 0.3021472392638037 0.17200000000000001 0.29141104294478526
0 0.581 0.3052147239263804 0.11800000000000001 0.2116564417177914
0 0.926 0.26226993865030673 0.04 0.07668711656441718
2 0.23 0.2960122699386503 0.188 0.0950920245398773
2 0.787 0.3788343558282209 0.07 0.13190184049079756
