3 0.498 0.43993993993993996 0.648 0.7297297297297297
2 0.887 0.5495495495495496 0.082 0.12012012012012012
0 0.467 0.4114114114114114 0.106 0.13813813813813813
0 0.936 0.5645645645645646 0.048 0.1921921921921922
0 0.969 0.5525525525525525 0.046 0.1981981981981982
0 0.983 0.5525525525525525 0.03 0.2042042042042042
0 0.14 0.5180180180180181 0.044 0.1831831831831832
0 0.101 0.5225225225225225 0.042 0.18618618618618618
0 0.052000000000000005 0.5330330330330331 0.048 0.1891891891891892
0 0.029 0.5165165165165165 0.042 0.18018018018018017
