2 0.546 0.41291291291291293 0.5680000000000001 0.5795795795795796
0 0.02 0.3948948948948949 0.036000000000000004 0.35735735735735735
0 0.047 0.3948948948948949 0.03 0.32732732732732733
0 0.07200000000000001 0.41291291291291293 0.048 0.30930930930930933
0 0.1 0.4084084084084084 0.036000000000000004 0.3123123123123123
0 0.129 0.42042042042042044 0.038 0.2882882882882883
0 0.169 0.4024024024024024 0.062 0.32432432432432434
0 0.203 0.4984984984984985 0.062 0.13213213213213212
0 0.20800000000000002 0.3663663663663664 0.028 0.15615615615615616
0 0.224 0.3288288288288288 0.016 0.04504504504504504
0 0.242 0.43093093093093093 0.032 0.26126126126126126
0 0.258 0.42342342342342343 0.04 0.2702702702702703
0 0.28200000000000003 0.3963963963963964 0.024 0.18618618618618618
0 0.302 0.3588588588588589 0.024 0.10510510510510511
0 0.324 0.3483483483483483 0.028 0.06006006006006006
0 0.514 0.25825825825825827 0.076 0.0960960960960961
