0 0.156 0.710843373493976 0.20400000000000001 0.5783132530120483
0 0.124 0.7168674698795181 0.22 0.5662650602409639
0 0.043000000000000003 0.6927710843373495 0.082 0.6144578313253012
0 0.201 0.5 0.066 0.18674698795180725
0 0.264 0.5060240963855422 0.112 0.4879518072289157
0 0.358 0.4382530120481928 0.136 0.4427710843373494
0 0.481 0.4307228915662651 0.14200000000000002 0.43975903614457834
0 0.579 0.6234939759036144 0.186 0.5542168674698795
0 0.589 0.6792168674698795 0.318 0.641566265060241
0 0.839 0.7409638554216867 0.234 0.5180722891566265
0 0.904 0.5542168674698795 0.152 0.3493975903614458
