2 0.16041666666666665 0.7222222222222222 0.07916666666666666 0.08333333333333334
0 0.31979166666666664 0.7111111111111111 0.035416666666666666 0.09444444444444444
0 0.35833333333333334 0.7138888888888889 0.029166666666666667 0.08888888888888889
0 0.73125 0.7513888888888889 0.029166666666666667 0.06944444444444445
0 0.5875 0.7472222222222222 0.016666666666666666 0.05555555555555556
0 0.603125 0.7513888888888889 0.014583333333333334 0.04722222222222222
2 0.19270833333333334 0.7069444444444445 0.03958333333333333 0.058333333333333334
2 0.21354166666666666 0.7055555555555556 0.01875 0.022222222222222223
2 0.234375 0.7000000000000001 0.01875 0.022222222222222223
0 0.26666666666666666 0.701388888888889 0.004166666666666667 0.019444444444444445
0 0.2739583333333333 0.7027777777777778 0.00625 0.016666666666666666
2 0.2604166666666667 0.701388888888889 0.0125 0.01388888888888889
