1 0.352 0.7042042042042042 0.41200000000000003 0.4294294294294294
0 0.32 0.5870870870870871 0.1 0.5135135135135135
0 0.077 0.484984984984985 0.094 0.22522522522522523
2 0.85 0.3783783783783784 0.052000000000000005 0.036036036036036036
2 0.936 0.3768768768768769 0.056 0.03303303303303303
2 0.795 0.3783783783783784 0.034 0.036036036036036036
2 0.733 0.3768768768768769 0.046 0.03903903903903904
2 0.686 0.3783783783783784 0.048 0.04204204204204204
2 0.592 0.38288288288288286 0.048 0.03903903903903904
2 0.548 0.3843843843843844 0.036000000000000004 0.04204204204204204
2 0.639 0.3858858858858859 0.042 0.03903903903903904
2 0.507 0.3843843843843844 0.042 0.036036036036036036
