0 0.712 0.6980000000000001 0.5706666666666667 0.528
0 0.18533333333333332 0.394 0.36533333333333334 0.652
0 0.6679999999999999 0.248 0.36533333333333334 0.492
0 0.8946666666666666 0.155 0.14666666666666667 0.306
0 0.9693333333333333 0.221 0.056 0.262
0 0.40399999999999997 0.128 0.16266666666666665 0.252
0 0.27599999999999997 0.145 0.22666666666666666 0.28600000000000003
0 0.08266666666666667 0.098 0.14933333333333332 0.192
0 0.028 0.099 0.050666666666666665 0.194
0 0.8813333333333333 0.148 0.10933333333333332 0.292
