2 0.9390000000000001 0.32266666666666666 0.122 0.10666666666666666
2 0.455 0.27199999999999996 0.11 0.05333333333333333
2 0.28700000000000003 0.324 0.246 0.184
2 0.089 0.36133333333333334 0.17400000000000002 0.2533333333333333
2 0.667 0.31866666666666665 0.214 0.13599999999999998
2 0.401 0.6026666666666667 0.726 0.64
0 0.561 0.2573333333333333 0.034 0.050666666666666665
0 0.591 0.256 0.018000000000000002 0.048
0 0.645 0.24266666666666667 0.022 0.032
0 0.807 0.488 0.134 0.5066666666666666
