1 0.6636636636636637 0.73 0.11411411411411411 0.076
0 0.596096096096096 0.715 0.05105105105105105 0.106
0 0.466966966966967 0.708 0.05105105105105105 0.116
0 0.36486486486486486 0.733 0.057057057057057055 0.05
0 0.43243243243243246 0.6880000000000001 0.04204204204204204 0.048
0 0.6651651651651651 0.6890000000000001 0.05105105105105105 0.05
0 0.08558558558558559 0.712 0.03903903903903904 0.068
0 0.7822822822822822 0.711 0.03303303303303303 0.038
0 0.8153153153153153 0.724 0.03303303303303303 0.04
0 0.8243243243243243 0.6910000000000001 0.02702702702702703 0.03
0 0.8888888888888888 0.715 0.024024024024024024 0.05
0 0.9099099099099099 0.706 0.036036036036036036 0.044
0 0.990990990990991 0.704 0.018018018018018018 0.068
0 0.5540540540540541 0.718 0.07507507507507508 0.1
0 0.536036036036036 0.682 0.02702702702702703 0.024
0 0.509009009009009 0.717 0.057057057057057055 0.062
2 0.018018018018018018 0.724 0.03003003003003003 0.052000000000000005
