2 0.5 0.5506666666666666 0.996 0.8986666666666666
2 0.74 0.39999999999999997 0.52 0.29333333333333333
2 0.8190000000000001 0.2813333333333333 0.21 0.14133333333333334
0 0.051000000000000004 0.33199999999999996 0.098 0.23199999999999998
0 0.383 0.13733333333333334 0.05 0.056
0 0.464 0.29466666666666663 0.068 0.36533333333333334
0 0.648 0.27199999999999996 0.056 0.096
0 0.8200000000000001 0.2613333333333333 0.068 0.15466666666666667
0 0.971 0.264 0.05 0.18666666666666665
0 0.871 0.2653333333333333 0.074 0.16266666666666665
