4 0.591 0.9186666666666666 0.526 0.16266666666666665
4 0.8310000000000001 0.8466666666666667 0.326 0.22133333333333333
4 0.151 0.8746666666666666 0.298 0.24533333333333332
0 0.024 0.7693333333333333 0.044 0.328
0 0.122 0.7866666666666666 0.10400000000000001 0.33599999999999997
0 0.063 0.78 0.07 0.32266666666666666
0 0.459 0.7653333333333333 0.20600000000000002 0.29866666666666664
0 0.518 0.816 0.128 0.368
0 0.609 0.8146666666666667 0.214 0.37066666666666664
0 0.762 0.7653333333333333 0.112 0.2826666666666667
0 0.835 0.76 0.13 0.33066666666666666
0 0.202 0.712 0.052000000000000005 0.18133333333333332
4 0.637 0.7653333333333333 0.122 0.08533333333333333
0 0.263 0.704 0.038 0.14933333333333332
0 0.298 0.7333333333333333 0.032 0.08
0 0.343 0.704 0.034 0.10666666666666666
