1 0.321 0.688 0.422 0.3466666666666667
2 0.6880000000000001 0.608 0.096 0.06933333333333333
2 0.776 0.6066666666666667 0.07200000000000001 0.06666666666666667
2 0.545 0.6106666666666667 0.082 0.08
2 0.07200000000000001 0.6093333333333333 0.14 0.09866666666666667
2 0.113 0.616 0.162 0.09066666666666666
0 0.29 0.5826666666666667 0.196 0.568
0 0.547 0.6226666666666666 0.026000000000000002 0.088
0 0.9400000000000001 0.612 0.024 0.10933333333333332
0 0.925 0.6173333333333333 0.026000000000000002 0.09866666666666667
0 0.905 0.596 0.022 0.072
2 0.627 0.5973333333333333 0.046 0.042666666666666665
