1 0.816 0.8 0.368 0.4
1 0.504 0.524 0.058666666666666666 0.036000000000000004
1 0.42133333333333334 0.524 0.058666666666666666 0.04
0 0.33466666666666667 0.539 0.152 0.28200000000000003
0 0.03866666666666667 0.655 0.072 0.166
0 0.17066666666666666 0.772 0.33599999999999997 0.456
0 0.4373333333333333 0.777 0.224 0.442
0 0.532 0.623 0.04 0.14200000000000002
0 0.34933333333333333 0.68 0.144 0.23600000000000002
0 0.8039999999999999 0.45 0.22133333333333333 0.432
0 0.872 0.386 0.112 0.156
