0 0.192 0.5626740947075209 0.376 0.8746518105849582
0 0.317 0.3774373259052925 0.242 0.4818941504178273
0 0.342 0.3008356545961003 0.22 0.467966573816156
0 0.444 0.23676880222841226 0.176 0.3008356545961003
0 0.738 0.26740947075208915 0.112 0.31754874651810583
0 0.794 0.3147632311977716 0.132 0.3286908077994429
0 0.784 0.40668523676880225 0.224 0.4178272980501393
0 0.785 0.6072423398328691 0.43 0.7855153203342619
0 0.311 0.08495821727019498 0.178 0.16434540389972144
0 0.467 0.09331476323119778 0.05 0.18105849582172703
