0 0.636 0.5133333333333333 0.176 0.27999999999999997
0 0.34700000000000003 0.6813333333333333 0.222 0.6
0 0.169 0.432 0.082 0.26666666666666666
0 0.20400000000000001 0.4053333333333333 0.024 0.048
0 0.23600000000000002 0.4453333333333333 0.048 0.11733333333333333
0 0.273 0.41733333333333333 0.046 0.050666666666666665
0 0.321 0.4106666666666667 0.034 0.05333333333333333
0 0.405 0.428 0.038 0.09333333333333332
0 0.437 0.416 0.022 0.03733333333333333
0 0.467 0.42933333333333334 0.038 0.06933333333333333
0 0.547 0.424 0.058 0.09066666666666666
