0 0.654 0.4053333333333333 0.252 0.3253333333333333
0 0.758 0.5853333333333333 0.32 0.6853333333333333
0 0.799 0.6386666666666666 0.402 0.7226666666666667
0 0.466 0.41733333333333333 0.07200000000000001 0.15733333333333333
0 0.391 0.4093333333333333 0.126 0.27999999999999997
0 0.308 0.44 0.23600000000000002 0.352
0 0.127 0.484 0.226 0.4666666666666667
0 0.445 0.19999999999999998 0.11800000000000001 0.25066666666666665
0 0.606 0.21066666666666667 0.052000000000000005 0.112
0 0.554 0.096 0.036000000000000004 0.064
0 0.735 0.21333333333333332 0.038 0.07466666666666666
0 0.77 0.21733333333333332 0.036000000000000004 0.072
0 0.758 0.11733333333333333 0.02 0.042666666666666665
0 0.066 0.21466666666666667 0.036000000000000004 0.12
