0 0.189 0.6613333333333333 0.178 0.6773333333333333
0 0.399 0.7346666666666667 0.178 0.5306666666666666
0 0.905 0.74 0.19 0.3333333333333333
0 0.833 0.7253333333333333 0.10200000000000001 0.15466666666666667
0 0.706 0.7 0.112 0.16266666666666665
0 0.67 0.6666666666666666 0.08 0.13866666666666666
0 0.682 0.5519999999999999 0.12 0.33066666666666666
0 0.5720000000000001 0.6253333333333333 0.08 0.13599999999999998
0 0.5740000000000001 0.596 0.112 0.19999999999999998
0 0.504 0.5893333333333333 0.076 0.144
0 0.463 0.5733333333333334 0.07 0.128
0 0.424 0.5226666666666666 0.044 0.10133333333333333
0 0.229 0.4653333333333333 0.07 0.152
0 0.121 0.5773333333333334 0.05 0.264
0 0.047 0.5333333333333333 0.09 0.112
0 0.021 0.5826666666666667 0.038 0.13066666666666665
