0 0.23700000000000002 0.54 0.11800000000000001 0.6586666666666666
0 0.41000000000000003 0.6586666666666666 0.164 0.24
0 0.54 0.776 0.244 0.2826666666666667
0 0.577 0.6213333333333333 0.226 0.21866666666666665
0 0.745 0.6093333333333333 0.14200000000000002 0.4026666666666667
0 0.666 0.6186666666666667 0.084 0.15466666666666667
0 0.8210000000000001 0.48933333333333334 0.03 0.09333333333333332
0 0.896 0.5053333333333333 0.036000000000000004 0.13066666666666665
0 0.924 0.49866666666666665 0.036000000000000004 0.128
0 0.843 0.5013333333333333 0.042 0.11733333333333333
