0 0.9390000000000001 0.6626666666666666 0.122 0.45599999999999996
0 0.8160000000000001 0.47733333333333333 0.116 0.32
0 0.6900000000000001 0.588 0.068 0.4666666666666667
0 0.626 0.4706666666666667 0.108 0.3173333333333333
0 0.552 0.6786666666666666 0.18 0.5093333333333333
0 0.396 0.45599999999999996 0.156 0.3413333333333333
0 0.361 0.7266666666666667 0.21 0.5466666666666666
0 0.24 0.4933333333333333 0.16 0.39999999999999997
0 0.062 0.4093333333333333 0.12 0.312
0 0.03 0.576 0.056 0.42666666666666664
