0 0.026000000000000002 0.12091503267973856 0.048 0.1568627450980392
0 0.082 0.2238562091503268 0.1 0.4019607843137255
0 0.196 0.2303921568627451 0.096 0.4542483660130719
0 0.34 0.16339869281045752 0.096 0.27450980392156865
0 0.496 0.3872549019607843 0.164 0.5522875816993464
0 0.593 0.39215686274509803 0.09 0.47058823529411764
0 0.666 0.2826797385620915 0.10400000000000001 0.4477124183006536
0 0.77 0.2777777777777778 0.164 0.4901960784313726
0 0.891 0.29901960784313725 0.082 0.5130718954248367
0 0.9480000000000001 0.3055555555555556 0.10400000000000001 0.6045751633986929
